   1.00034
   1.00100
   1.00195
   1.00326
   1.00491
   1.00682
   1.00907
   1.01169
   1.01454
   1.01770
   1.02123
   1.02500
   1.02904
   1.03342
   1.03806
   1.04295
   1.04813
   1.05357
   1.05927
   1.06521
   1.07138
   1.07783
   1.08447
   1.09131
   1.09843
   1.10573
   1.11319
   1.12091
   1.12880
   1.13684
   1.14508
   1.15348
   1.16205
   1.17076
   1.17960
   1.18865
   1.19776
   1.20701
   1.21643
   1.22592
   1.23553
   1.24524
   1.25507
   1.26500
   1.27496
   1.28506
   1.29524
   1.30544
   1.31574
   1.32610
   1.33653
   1.34697
   1.35748
   1.36808
   1.37865
   1.38928
   1.39994
   1.41064
   1.42135
   1.43208
   1.44287
   1.45361
   1.46439
   1.47517
   1.48597
   1.49677
   1.50755
   1.51837
   1.52913
   1.53991
   1.55066
   1.56143
   1.57215
   1.58286
   1.59357
   1.60424
   1.61490
   1.62551
   1.63613
   1.64667
   1.65721
   1.66770
   1.67818
   1.68858
   1.69898
   1.70932
   1.71963
   1.72989
   1.74010
   1.75028
   1.76039
   1.77048
   1.78049
   1.79048
   1.80038
   1.81026
   1.82006
   1.82982
   1.83950
   1.84916
   1.85872
   1.86825
   1.87770
   1.88712
   1.89643
   1.90572
   1.91492
   1.92408
   1.93315
   1.94218
   1.95111
   1.96001
   1.96881
   1.97758
   1.98624
   1.99486
   2.00339
   2.01188
   2.02027
   2.02861
   2.03686
   2.04507
   2.05317
   2.06123
   2.06919
   2.07710
   2.08492
   2.09268
   2.10035
   2.10796
   2.11548
   2.12294
   2.13032
   2.13762
   2.14485
   2.15199
   2.15907
   2.16606
   2.17299
   2.17982
   2.18659
   2.19327
   2.19990
   2.20642
   2.21289
   2.21925
   2.22556
   2.23178
   2.23793
   2.24399
   2.24998
   2.25588
   2.26171
   2.26746
   2.27313
   2.27872
   2.28422
   2.28966
   2.29501
   2.30029
   2.30547
   2.31060
   2.31562
   2.32058
   2.32545
   2.33025
   2.33496
   2.33959
   2.34415
   2.34861
   2.35301
   2.35732
   2.36156
   2.36570
   2.36978
   2.37376
   2.37768
   2.38151
   2.38525
   2.38892
   2.39250
   2.39602
   2.39944
   2.40279
   2.40604
   2.40924
   2.41233
   2.41536
   2.41830
   2.42116
   2.42394
   2.42664
   2.42926
   2.43179
   2.43426
   2.43662
   2.43892
   2.44113
   2.44327
   2.44531
   2.44729
   2.44918
   2.45098
   2.45271
   2.45435
   2.45593
   2.45740
   2.45881
   2.46012
   2.46137
   2.46253
   2.46361
   2.46460
   2.46552
   2.46635
   2.46710
   2.46778
   2.46836
   2.46888
   2.46930
   2.46965
   2.46991
   2.47010
   2.47020
   2.47022
   2.47017
   2.47002
   2.46980
   2.46949
   2.46911
   2.46863
   2.46809
   2.46746
   2.46675
   2.46595
   2.46507
   2.46412
   2.46307
   2.46196
   2.46075
   2.45947
   2.45810
   2.45665
   2.45512
   2.45351
   2.45181
   2.45003
   2.44818
   2.44623
   2.44421
   2.44210
   2.43992
   2.43764
   2.43530
   2.43286
   2.43035
   2.42774
   2.42506
   2.42230
   2.41945
   2.41652
   2.41351
   2.41042
   2.40723
   2.40398
   2.40063
   2.39721
   2.39370
   2.39011
   2.38644
   2.38268
   2.37884
   2.37491
   2.37091
   2.36681
   2.36265
   2.35839
   2.35405
   2.34963
   2.34512
   2.34053
   2.33586
   2.33111
   2.32626
   2.32134
   2.31633
   2.31125
   2.30607
   2.30082
   2.29547
   2.29005
   2.28454
   2.27895
   2.27328
   2.26752
   2.26168
   2.25575
   2.24974
   2.24365
   2.23747
   2.23121
   2.22487
   2.21843
   2.21193
   2.20533
   2.19865
   2.19189
   2.18505
   2.17811
   2.17110
   2.16400
   2.15683
   2.14956
   2.14222
   2.13479
   2.12728
   2.11969
   2.11201
   2.10425
   2.09641
   2.08849
   2.08048
   2.07239
   2.06422
   2.05597
   2.04764
   2.03922
   2.03073
   2.02215
   2.01349
   2.00476
   1.99594
   1.98705
   1.97806
   1.96902
   1.95988
   1.95067
   1.94137
   1.93201
   1.92256
   1.91304
   1.90344
   1.89377
   1.88402
   1.87420
   1.86429
   1.85433
   1.84428
   1.83416
   1.82397
   1.81371
   1.80338
   1.79298
   1.78251
   1.77198
   1.76138
   1.75071
   1.73998
   1.72918
   1.71832
   1.70740
   1.69642
   1.68538
   1.67429
   1.66313
   1.65192
   1.64065
   1.62934
   1.61797
   1.60656
   1.59510
   1.58359
   1.57204
   1.56045
   1.54882
   1.53714
   1.52545
   1.51371
   1.50194
   1.49014
   1.47832
   1.46649
   1.45462
   1.44274
   1.43085
   1.41895
   1.40703
   1.39512
   1.38321
   1.37129
   1.35939
   1.34749
   1.33562
   1.32376
   1.31192
   1.30013
   1.28835
   1.27662
   1.26494
   1.25330
   1.24171
   1.23019
   1.21874
   1.20736
   1.19605
   1.18484
   1.17373
   1.16270
   1.15179
   1.14099
   1.13032
   1.11978
   1.10937
   1.09912
   1.08902
   1.07907
   1.06932
   1.05974
   1.05035
   1.04117
   1.03220
   1.02344
   1.01492
   1.00664
   0.99860
   0.99083
   0.98333
   0.97610
   0.96917
   0.96253
   0.95620
   0.95019
   0.94450
   0.93915
   0.93414
   0.92947
   0.92517
   0.92124
   0.91767
   0.91447
   0.91167
   0.90925
   0.90722
   0.90559
   0.90436
   0.90352
   0.90308
   0.90306
   0.90343
   0.90420
   0.90538
   0.90695
   0.90891
   0.91128
   0.91403
   0.91716
   0.92067
   0.92455
   0.92879
   0.93340
   0.93836
   0.94366
   0.94929
   0.95525
   0.96153
   0.96812
   0.97501
   0.98218
   0.98964
   0.99737
   1.00535
   1.01360
   1.02207
   1.03078
   1.03972
   1.04886
   1.05820
   1.06775
   1.07748
   1.08737
   1.09743
   1.10766
   1.11802
   1.12853
   1.13917
   1.14994
   1.16082
   1.17180
   1.18289
   1.19408
   1.20534
   1.21669
   1.22812
   1.23960
   1.25115
   1.26276
   1.27442
   1.28611
   1.29785
   1.30963
   1.32143
   1.33325
   1.34510
   1.35696
   1.36883
   1.38071
   1.39259
   1.40447
   1.41635
   1.42822
   1.44008
   1.45192
   1.46374
   1.47555
   1.48733
   1.49909
   1.51082
   1.52252
   1.53418
   1.54580
   1.55740
   1.56894
   1.58045
   1.59191
   1.60333
   1.61470
   1.62602
   1.63728
   1.64850
   1.65966
   1.67076
   1.68181
   1.69279
   1.70372
   1.71459
   1.72539
   1.73613
   1.74680
   1.75741
   1.76795
   1.77842
   1.78883
   1.79917
   1.80943
   1.81962
   1.82974
   1.83979
   1.84977
   1.85967
   1.86949
   1.87924
   1.88892
   1.89852
   1.90804
   1.91748
   1.92684
   1.93613
   1.94534
   1.95447
   1.96351
   1.97248
   1.98137
   1.99017
   1.99890
   2.00754
   2.01610
   2.02459
   2.03298
   2.04130
   2.04953
   2.05768
   2.06575
   2.07373
   2.08163
   2.08944
   2.09718
   2.10482
   2.11239
   2.11987
   2.12726
   2.13457
   2.14180
   2.14894
   2.15600
   2.16297
   2.16985
   2.17665
   2.18337
   2.19000
   2.19655
   2.20301
   2.20939
   2.21568
   2.22188
   2.22800
   2.23404
   2.23999
   2.24585
   2.25163
   2.25732
   2.26293
   2.26845
   2.27389
   2.27924
   2.28450
   2.28968
   2.29478
   2.29979
   2.30471
   2.30955
   2.31431
   2.31897
   2.32356
   2.32805
   2.33247
   2.33679
   2.34104
   2.34519
   2.34926
   2.35325
   2.35715
   2.36097
   2.36470
   2.36835
   2.37191
   2.37538
   2.37877
   2.38208
   2.38530
   2.38844
   2.39149
   2.39446
   2.39734
   2.40014
   2.40285
   2.40548
   2.40802
   2.41048
   2.41285
   2.41514
   2.41735
   2.41947
   2.42150
   2.42345
   2.42532
   2.42710
   2.42880
   2.43041
   2.43194
   2.43338
   2.43474
   2.43602
   2.43721
   2.43832
   2.43934
   2.44028
   2.44113
   2.44190
   2.44259
   2.44319
   2.44370
   2.44414
   2.44448
   2.44475
   2.44493
   2.44502
   2.44503
   2.44496
   2.44480
   2.44456
   2.44424
   2.44383
   2.44333
   2.44275
   2.44209
   2.44134
   2.44051
   2.43959
   2.43859
   2.43751
   2.43634
   2.43509
   2.43375
   2.43232
   2.43082
   2.42923
   2.42755
   2.42579
   2.42395
   2.42202
   2.42000
   2.41791
   2.41572
   2.41345
   2.41110
   2.40867
   2.40614
   2.40354
   2.40085
   2.39807
   2.39521
   2.39226
   2.38924
   2.38612
   2.38292
   2.37963
   2.37626
   2.37281
   2.36927
   2.36564
   2.36193
   2.35814
   2.35426
   2.35029
   2.34624
   2.34211
   2.33788
   2.33358
   2.32919
   2.32471
   2.32015
   2.31550
   2.31077
   2.30595
   2.30104
   2.29605
   2.29098
   2.28582
   2.28057
   2.27524
   2.26982
   2.26432
   2.25873
   2.25306
   2.24730
   2.24145
   2.23552
   2.22951
   2.22341
   2.21722
   2.21095
   2.20459
   2.19815
   2.19162
   2.18501
   2.17831
   2.17152
   2.16465
   2.15770
   2.15066
   2.14354
   2.13633
   2.12903
   2.12165
   2.11419
   2.10664
   2.09901
   2.09130
   2.08349
   2.07561
   2.06764
   2.05959
   2.05146
   2.04324
   2.03494
   2.02655
   2.01809
   2.00954
   2.00091
   1.99219
   1.98340
   1.97452
   1.96557
   1.95653
   1.94741
   1.93821
   1.92894
   1.91958
   1.91015
   1.90064
   1.89105
   1.88138
   1.87164
   1.86182
   1.85193
   1.84196
   1.83192
   1.82180
   1.81161
   1.80135
   1.79102
   1.78062
   1.77015
   1.75961
   1.74900
   1.73833
   1.72759
   1.71679
   1.70592
   1.69499
   1.68400
   1.67295
   1.66184
   1.65068
   1.63946
   1.62819
   1.61686
   1.60548
   1.59406
   1.58259
   1.57107
   1.55951
   1.54791
   1.53627
   1.52459
   1.51288
   1.50113
   1.48936
   1.47756
   1.46573
   1.45388
   1.44202
   1.43014
   1.41824
   1.40634
   1.39443
   1.38253
   1.37062
   1.35872
   1.34682
   1.33494
   1.32308
   1.31125
   1.29944
   1.28766
   1.27592
   1.26422
   1.25257
   1.24097
   1.22944
   1.21797
   1.20657
   1.19525
   1.18401
   1.17287
   1.16182
   1.15089
   1.14006
   1.12936
   1.11879
   1.10835
   1.09806
   1.08793
   1.07796
   1.06817
   1.05855
   1.04913
   1.03991
   1.03090
   1.02211
   1.01355
   1.00523
   0.99716
   0.98935
   0.98181
   0.97455
   0.96757
   0.96090
   0.95453
   0.94848
   0.94276
   0.93737
   0.93233
   0.92764
   0.92330
   0.91934
   0.91574
   0.91253
   0.90969
   0.90725
   0.90520
   0.90355
   0.90230
   0.90145
   0.90100
   0.90096
   0.90133
   0.90209
   0.90326
   0.90483
   0.90680
   0.90917
   0.91192
   0.91506
   0.91858
   0.92247
   0.92673
   0.93135
   0.93632
   0.94164
   0.94730
   0.95328
   0.95958
   0.96619
   0.97311
   0.98031
   0.98780
   0.99555
   1.00357
   1.01184
   1.02036
   1.02910
   1.03807
   1.04725
   1.05663
   1.06620
   1.07597
   1.08590
   1.09600
   1.10626
   1.11666
   1.12721
   1.13789
   1.14869
   1.15960
   1.17063
   1.18175
   1.19297
   1.20428
   1.21566
   1.22712
   1.23864
   1.25023
   1.26187
   1.27356
   1.28529
   1.29706
   1.30887
   1.32070
   1.33256
   1.34444
   1.35633
   1.36823
   1.38014
   1.39205
   1.40396
   1.41586
   1.42776
   1.43965
   1.45152
   1.46337
   1.47520
   1.48701
   1.49879
   1.51054
   1.52226
   1.53395
   1.54560
   1.55721
   1.56878
   1.58031
   1.59179
   1.60323
   1.61462
   1.62595
   1.63724
   1.64847
   1.65965
   1.67077
   1.68183
   1.69283
   1.70378
   1.71466
   1.72548
   1.73623
   1.74692
   1.75754
   1.76809
   1.77858
   1.78900
   1.79934
   1.80962
   1.81983
   1.82996
   1.84002
   1.85000
   1.85991
   1.86975
   1.87951
   1.88919
   1.89880
   1.90832
   1.91778
   1.92715
   1.93644
   1.94565
   1.95479
   1.96384
   1.97282
   1.98171
   1.99052
   1.99925
   2.00790
   2.01647
   2.02495
   2.03336
   2.04168
   2.04991
   2.05806
   2.06613
   2.07412
   2.08202
   2.08984
   2.09757
   2.10523
   2.11279
   2.12027
   2.12767
   2.13498
   2.14221
   2.14935
   2.15641
   2.16338
   2.17027
   2.17707
   2.18379
   2.19042
   2.19696
   2.20343
   2.20980
   2.21609
   2.22230
   2.22841
   2.23445
   2.24040
   2.24626
   2.25204
   2.25773
   2.26333
   2.26885
   2.27429
   2.27964
   2.28490
   2.29008
   2.29517
   2.30018
   2.30510
   2.30994
   2.31469
   2.31935
   2.32393
   2.32843
   2.33284
   2.33716
   2.34140
   2.34555
   2.34962
   2.35360
   2.35750
   2.36131
   2.36504
   2.36868
   2.37224
   2.37571
   2.37910
   2.38240
   2.38562
   2.38875
   2.39180
   2.39476
   2.39763
   2.40043
   2.40313
   2.40576
   2.40830
   2.41075
   2.41312
   2.41540
   2.41760
   2.41971
   2.42174
   2.42369
   2.42555
   2.42733
   2.42902
   2.43063
   2.43215
   2.43359
   2.43494
   2.43621
   2.43739
   2.43850
   2.43951
   2.44044
   2.44129
   2.44205
   2.44273
   2.44333
   2.44384
   2.44426
   2.44460
   2.44486
   2.44503
   2.44512
   2.44512
   2.44504
   2.44488
   2.44463
   2.44430
   2.44388
   2.44338
   2.44279
   2.44212
   2.44137
   2.44053
   2.43960
   2.43859
   2.43750
   2.43632
   2.43506
   2.43372
   2.43229
   2.43077
   2.42917
   2.42749
   2.42572
   2.42387
   2.42193
   2.41991
   2.41780
   2.41561
   2.41333
   2.41097
   2.40853
   2.40600
   2.40338
   2.40068
   2.39790
   2.39503
   2.39207
   2.38904
   2.38591
   2.38270
   2.37941
   2.37603
   2.37257
   2.36902
   2.36538
   2.36166
   2.35786
   2.35397
   2.34999
   2.34593
   2.34179
   2.33756
   2.33324
   2.32884
   2.32435
   2.31978
   2.31512
   2.31038
   2.30555
   2.30064
   2.29564
   2.29055
   2.28538
   2.28013
   2.27478
   2.26936
   2.26384
   2.25825
   2.25256
   2.24679
   2.24094
   2.23500
   2.22897
   2.22286
   2.21666
   2.21038
   2.20401
   2.19756
   2.19102
   2.18439
   2.17768
   2.17089
   2.16401
   2.15704
   2.14999
   2.14286
   2.13564
   2.12833
   2.12094
   2.11347
   2.10591
   2.09827
   2.09054
   2.08273
   2.07483
   2.06685
   2.05879
   2.05064
   2.04241
   2.03410
   2.02571
   2.01723
   2.00867
   2.00002
   1.99130
   1.98249
   1.97361
   1.96464
   1.95559
   1.94646
   1.93726
   1.92797
   1.91860
   1.90916
   1.89963
   1.89003
   1.88035
   1.87060
   1.86077
   1.85087
   1.84089
   1.83083
   1.82070
   1.81050
   1.80023
   1.78989
   1.77948
   1.76900
   1.75845
   1.74783
   1.73714
   1.72639
   1.71558
   1.70470
   1.69376
   1.68276
   1.67170
   1.66059
   1.64941
   1.63818
   1.62690
   1.61556
   1.60418
   1.59274
   1.58126
   1.56973
   1.55816
   1.54655
   1.53490
   1.52322
   1.51150
   1.49975
   1.48796
   1.47616
   1.46432
   1.45247
   1.44060
   1.42871
   1.41681
   1.40491
   1.39299
   1.38108
   1.36917
   1.35726
   1.34536
   1.33348
   1.32162
   1.30978
   1.29797
   1.28619
   1.27445
   1.26275
   1.25110
   1.23951
   1.22798
   1.21651
   1.20511
   1.19380
   1.18257
   1.17143
   1.16040
   1.14947
   1.13865
   1.12796
   1.11740
   1.10698
   1.09670
   1.08659
   1.07663
   1.06685
   1.05726
   1.04786
   1.03866
   1.02967
   1.02090
   1.01237
   1.00407
   0.99603
   0.98825
   0.98074
   0.97351
   0.96657
   0.95993
   0.95360
   0.94758
   0.94190
   0.93655
   0.93155
   0.92690
   0.92261
   0.91869
   0.91514
   0.91197
   0.90918
   0.90679
   0.90479
   0.90318
   0.90198
   0.90118
   0.90079
   0.90080
   0.90121
   0.90203
   0.90326
   0.90488
   0.90690
   0.90932
   0.91212
   0.91531
   0.91888
   0.92282
   0.92713
   0.93180
   0.93682
   0.94219
   0.94789
   0.95392
   0.96026
   0.96692
   0.97387
   0.98112
   0.98865
   0.99644
   1.00450
   1.01281
   1.02135
   1.03013
   1.03913
   1.04835
   1.05776
   1.06736
   1.07715
   1.08712
   1.09724
   1.10753
   1.11796
   1.12852
   1.13922
   1.15005
   1.16098
   1.17203
   1.18317
   1.19440
   1.20573
   1.21713
   1.22860
   1.24014
   1.25174
   1.26339
   1.27509
   1.28683
   1.29862
   1.31043
   1.32227
   1.33414
   1.34602
   1.35792
   1.36983
   1.38174
   1.39366
   1.40558
   1.41748
   1.42939
   1.44127
   1.45315
   1.46500
   1.47684
   1.48864
   1.50043
   1.51218
   1.52390
   1.53559
   1.54724
   1.55885
   1.57042
   1.58195
   1.59343
   1.60486
   1.61625
   1.62758
   1.63887
   1.65010
   1.66127
   1.67239
   1.68345
   1.69445
   1.70539
   1.71627
   1.72708
   1.73783
   1.74851
   1.75913
   1.76968
   1.78016
   1.79057
   1.80092
   1.81119
   1.82139
   1.83151
   1.84157
   1.85155
   1.86145
   1.87128
   1.88103
   1.89071
   1.90031
   1.90983
   1.91928
   1.92864
   1.93793
   1.94714
   1.95627
   1.96531
   1.97428
   1.98317
   1.99197
   2.00070
   2.00934
   2.01790
   2.02637
   2.03477
   2.04308
   2.05131
   2.05946
   2.06752
   2.07550
   2.08339
   2.09120
   2.09893
   2.10657
   2.11413
   2.12160
   2.12899
   2.13630
   2.14352
   2.15065
   2.15770
   2.16467
   2.17155
   2.17834
   2.18505
   2.19167
   2.19821
   2.20467
   2.21103
   2.21732
   2.22351
   2.22962
   2.23565
   2.24159
   2.24745
   2.25321
   2.25890
   2.26450
   2.27001
   2.27544
   2.28078
   2.28603
   2.29120
   2.29629
   2.30129
   2.30620
   2.31103
   2.31577
   2.32043
   2.32500
   2.32949
   2.33389
   2.33821
   2.34244
   2.34658
   2.35064
   2.35462
   2.35851
   2.36231
   2.36603
   2.36967
   2.37322
   2.37668
   2.38006
   2.38335
   2.38656
   2.38969
   2.39273
   2.39568
   2.39855
   2.40133
   2.40403
   2.40665
   2.40918
   2.41162
   2.41399
   2.41626
   2.41845
   2.42056
   2.42258
   2.42452
   2.42637
   2.42814
   2.42983
   2.43143
   2.43294
   2.43437
   2.43572
   2.43698
   2.43816
   2.43925
   2.44026
   2.44118
   2.44202
   2.44278
   2.44345
   2.44404
   2.44454
   2.44496
   2.44529
   2.44554
   2.44570
   2.44579
   2.44578
   2.44569
   2.44552
   2.44527
   2.44492
   2.44450
   2.44399
   2.44340
   2.44272
   2.44196
   2.44111
   2.44018
   2.43916
   2.43806
   2.43688
   2.43561
   2.43426
   2.43282
   2.43130
   2.42969
   2.42800
   2.42622
   2.42436
   2.42242
   2.42039
   2.41827
   2.41608
   2.41379
   2.41142
   2.40897
   2.40643
   2.40381
   2.40110
   2.39831
   2.39544
   2.39247
   2.38943
   2.38630
   2.38308
   2.37978
   2.37639
   2.37292
   2.36937
   2.36572
   2.36200
   2.35819
   2.35429
   2.35031
   2.34624
   2.34209
   2.33785
   2.33352
   2.32912
   2.32462
   2.32004
   2.31538
   2.31063
   2.30579
   2.30087
   2.29586
   2.29077
   2.28559
   2.28033
   2.27498
   2.26955
   2.26403
   2.25842
   2.25273
   2.24695
   2.24109
   2.23514
   2.22911
   2.22299
   2.21679
   2.21050
   2.20412
   2.19766
   2.19111
   2.18448
   2.17776
   2.17096
   2.16407
   2.15710
   2.15004
   2.14290
   2.13567
   2.12836
   2.12097
   2.11348
   2.10592
   2.09827
   2.09053
   2.08271
   2.07481
   2.06682
   2.05875
   2.05060
   2.04236
   2.03404
   2.02564
   2.01716
   2.00859
   1.99994
   1.99121
   1.98239
   1.97350
   1.96452
   1.95547
   1.94633
   1.93712
   1.92782
   1.91845
   1.90900
   1.89947
   1.88986
   1.88017
   1.87041
   1.86058
   1.85066
   1.84068
   1.83061
   1.82048
   1.81027
   1.79999
   1.78965
   1.77923
   1.76874
   1.75818
   1.74755
   1.73686
   1.72611
   1.71528
   1.70440
   1.69345
   1.68245
   1.67138
   1.66026
   1.64908
   1.63784
   1.62655
   1.61521
   1.60381
   1.59237
   1.58089
   1.56935
   1.55778
   1.54616
   1.53450
   1.52281
   1.51109
   1.49933
   1.48754
   1.47573
   1.46389
   1.45203
   1.44015
   1.42826
   1.41636
   1.40444
   1.39253
   1.38061
   1.36869
   1.35678
   1.34488
   1.33299
   1.32113
   1.30928
   1.29747
   1.28569
   1.27394
   1.26224
   1.25059
   1.23900
   1.22746
   1.21599
   1.20460
   1.19328
   1.18205
   1.17091
   1.15987
   1.14894
   1.13813
   1.12744
   1.11688
   1.10646
   1.09619
   1.08607
   1.07612
   1.06635
   1.05676
   1.04736
   1.03816
   1.02918
   1.02042
   1.01189
   1.00360
   0.99557
   0.98779
   0.98029
   0.97307
   0.96614
   0.95951
   0.95319
   0.94719
   0.94152
   0.93619
   0.93120
   0.92656
   0.92229
   0.91838
   0.91484
   0.91169
   0.90892
   0.90654
   0.90456
   0.90298
   0.90179
   0.90101
   0.90064
   0.90067
   0.90110
   0.90194
   0.90318
   0.90483
   0.90687
   0.90930
   0.91213
   0.91534
   0.91893
   0.92289
   0.92722
   0.93191
   0.93695
   0.94233
   0.94805
   0.95410
   0.96047
   0.96714
   0.97411
   0.98138
   0.98892
   0.99673
   1.00481
   1.01313
   1.02170
   1.03049
   1.03951
   1.04873
   1.05816
   1.06778
   1.07758
   1.08756
   1.09770
   1.10799
   1.11843
   1.12901
   1.13973
   1.15056
   1.16150
   1.17256
   1.18371
   1.19496
   1.20629
   1.21770
   1.22918
   1.24072
   1.25233
   1.26399
   1.27570
   1.28745
   1.29924
   1.31106
   1.32291
   1.33478
   1.34667
   1.35857
   1.37049
   1.38241
   1.39433
   1.40625
   1.41816
   1.43007
   1.44196
   1.45384
   1.46569
   1.47753
   1.48934
   1.50113
   1.51289
   1.52461
   1.53630
   1.54795
   1.55956
   1.57114
   1.58267
   1.59415
   1.60559
   1.61697
   1.62831
   1.63960
   1.65083
   1.66200
   1.67312
   1.68418
   1.69518
   1.70613
   1.71700
   1.72782
   1.73857
   1.74925
   1.75987
   1.77042
   1.78090
   1.79132
   1.80166
   1.81193
   1.82213
   1.83226
   1.84231
   1.85229
   1.86220
   1.87202
   1.88178
   1.89145
   1.90105
   1.91058
   1.92002
   1.92939
   1.93867
   1.94788
   1.95701
   1.96606
   1.97502
   1.98391
   1.99271
   2.00144
   2.01008
   2.01864
   2.02711
   2.03551
   2.04382
   2.05205
   2.06019
   2.06826
   2.07623
   2.08413
   2.09194
   2.09967
   2.10731
   2.11486
   2.12234
   2.12973
   2.13703
   2.14425
   2.15138
   2.15843
   2.16540
   2.17228
   2.17907
   2.18578
   2.19240
   2.19894
   2.20539
   2.21176
   2.21804
   2.22424
   2.23035
   2.23637
   2.24231
   2.24816
   2.25393
   2.25962
   2.26521
   2.27072
   2.27615
   2.28149
   2.28675
   2.29192
   2.29700
   2.30200
   2.30691
   2.31174
   2.31648
   2.32114
   2.32571
   2.33020
   2.33460
   2.33891
   2.34314
   2.34729
   2.35135
   2.35532
   2.35921
   2.36301
   2.36673
   2.37037
   2.37391
   2.37738
   2.38076
   2.38405
   2.38726
   2.39038
   2.39342
   2.39637
   2.39924
   2.40203
   2.40473
   2.40734
   2.40987
   2.41231
   2.41467
   2.41695
   2.41914
   2.42125
   2.42327
   2.42521
   2.42706
   2.42883
   2.43051
   2.43211
   2.43362
   2.43505
   2.43640
   2.43766
   2.43884
   2.43993
   2.44094
   2.44186
   2.44270
   2.44346
   2.44413
   2.44471
   2.44522
   2.44563
   2.44597
   2.44622
   2.44638
   2.44646
   2.44646
   2.44637
   2.44620
   2.44594
   2.44560
   2.44517
   2.44466
   2.44407
   2.44339
   2.44263
   2.44178
   2.44085
   2.43983
   2.43873
   2.43755
   2.43628
   2.43493
   2.43349
   2.43197
   2.43036
   2.42867
   2.42689
   2.42503
   2.42309
   2.42106
   2.41894
   2.41674
   2.41446
   2.41209
   2.40964
   2.40710
   2.40448
   2.40177
   2.39898
   2.39610
   2.39314
   2.39009
   2.38696
   2.38375
   2.38045
   2.37706
   2.37359
   2.37003
   2.36639
   2.36266
   2.35885
   2.35495
   2.35097
   2.34690
   2.34275
   2.33851
   2.33419
   2.32978
   2.32529
   2.32071
   2.31604
   2.31129
   2.30646
   2.30153
   2.29653
   2.29144
   2.28626
   2.28099
   2.27565
   2.27021
   2.26469
   2.25909
   2.25339
   2.24762
   2.24175
   2.23581
   2.22977
   2.22365
   2.21745
   2.21116
   2.20478
   2.19832
   2.19178
   2.18515
   2.17843
   2.17163
   2.16474
   2.15777
   2.15071
   2.14357
   2.13634
   2.12903
   2.12163
   2.11415
   2.10658
   2.09893
   2.09120
   2.08338
   2.07547
   2.06749
   2.05942
   2.05126
   2.04303
   2.03471
   2.02630
   2.01782
   2.00925
   2.00060
   1.99187
   1.98305
   1.97416
   1.96518
   1.95613
   1.94699
   1.93778
   1.92848
   1.91911
   1.90965
   1.90012
   1.89051
   1.88083
   1.87107
   1.86123
   1.85131
   1.84133
   1.83127
   1.82113
   1.81092
   1.80064
   1.79029
   1.77987
   1.76938
   1.75882
   1.74820
   1.73750
   1.72674
   1.71592
   1.70504
   1.69409
   1.68308
   1.67201
   1.66088
   1.64970
   1.63846
   1.62717
   1.61583
   1.60443
   1.59299
   1.58150
   1.56996
   1.55838
   1.54676
   1.53511
   1.52341
   1.51168
   1.49992
   1.48813
   1.47631
   1.46447
   1.45261
   1.44073
   1.42883
   1.41692
   1.40500
   1.39308
   1.38116
   1.36924
   1.35732
   1.34542
   1.33352
   1.32165
   1.30980
   1.29798
   1.28619
   1.27444
   1.26274
   1.25108
   1.23948
   1.22793
   1.21645
   1.20505
   1.19373
   1.18249
   1.17134
   1.16029
   1.14935
   1.13853
   1.12783
   1.11726
   1.10683
   1.09655
   1.08642
   1.07646
   1.06667
   1.05707
   1.04766
   1.03845
   1.02945
   1.02068
   1.01214
   1.00384
   0.99579
   0.98800
   0.98048
   0.97324
   0.96630
   0.95966
   0.95332
   0.94730
   0.94162
   0.93627
   0.93126
   0.92661
   0.92232
   0.91839
   0.91484
   0.91167
   0.90889
   0.90649
   0.90449
   0.90289
   0.90169
   0.90090
   0.90050
   0.90052
   0.90094
   0.90176
   0.90299
   0.90462
   0.90665
   0.90907
   0.91188
   0.91508
   0.91865
   0.92260
   0.92692
   0.93160
   0.93663
   0.94201
   0.94772
   0.95376
   0.96011
   0.96678
   0.97375
   0.98100
   0.98854
   0.99635
   1.00441
   1.01273
   1.02129
   1.03008
   1.03910
   1.04832
   1.05774
   1.06736
   1.07716
   1.08714
   1.09728
   1.10757
   1.11801
   1.12859
   1.13930
   1.15014
   1.16108
   1.17214
   1.18329
   1.19454
   1.20587
   1.21728
   1.22877
   1.24032
   1.25193
   1.26359
   1.27530
   1.28706
   1.29885
   1.31067
   1.32253
   1.33440
   1.34630
   1.35820
   1.37012
   1.38205
   1.39397
   1.40590
   1.41782
   1.42973
   1.44162
   1.45351
   1.46537
   1.47721
   1.48903
   1.50082
   1.51258
   1.52431
   1.53601
   1.54767
   1.55929
   1.57086
   1.58240
   1.59389
   1.60533
   1.61673
   1.62807
   1.63936
   1.65060
   1.66178
   1.67291
   1.68397
   1.69498
   1.70593
   1.71681
   1.72763
   1.73839
   1.74908
   1.75970
   1.77026
   1.78075
   1.79117
   1.80152
   1.81180
   1.82200
   1.83214
   1.84220
   1.85218
   1.86209
   1.87193
   1.88169
   1.89137
   1.90098
   1.91051
   1.91996
   1.92933
   1.93863
   1.94784
   1.95697
   1.96603
   1.97500
   1.98389
   1.99270
   2.00143
   2.01008
   2.01865
   2.02713
   2.03553
   2.04385
   2.05209
   2.06024
   2.06831
   2.07629
   2.08419
   2.09201
   2.09974
   2.10739
   2.11495
   2.12243
   2.12983
   2.13714
   2.14436
   2.15151
   2.15856
   2.16553
   2.17242
   2.17922
   2.18593
   2.19256
   2.19911
   2.20557
   2.21194
   2.21823
   2.22443
   2.23055
   2.23658
   2.24252
   2.24839
   2.25416
   2.25985
   2.26545
   2.27097
   2.27640
   2.28175
   2.28701
   2.29219
   2.29728
   2.30229
   2.30721
   2.31204
   2.31679
   2.32145
   2.32603
   2.33052
   2.33493
   2.33925
   2.34349
   2.34764
   2.35170
   2.35569
   2.35958
   2.36339
   2.36712
   2.37076
   2.37431
   2.37778
   2.38117
   2.38447
   2.38768
   2.39081
   2.39386
   2.39682
   2.39969
   2.40248
   2.40519
   2.40781
   2.41035
   2.41280
   2.41517
   2.41745
   2.41965
   2.42176
   2.42379
   2.42573
   2.42759
   2.42936
   2.43106
   2.43266
   2.43418
   2.43562
   2.43697
   2.43824
   2.43942
   2.44052
   2.44154
   2.44247
   2.44331
   2.44408
   2.44475
   2.44535
   2.44585
   2.44628
   2.44662
   2.44688
   2.44705
   2.44713
   2.44714
   2.44706
   2.44689
   2.44664
   2.44631
   2.44589
   2.44538
   2.44480
   2.44413
   2.44337
   2.44253
   2.44160
   2.44060
   2.43950
   2.43832
   2.43706
   2.43572
   2.43429
   2.43277
   2.43117
   2.42949
   2.42772
   2.42586
   2.42393
   2.42190
   2.41980
   2.41760
   2.41533
   2.41297
   2.41052
   2.40799
   2.40538
   2.40268
   2.39989
   2.39702
   2.39407
   2.39103
   2.38790
   2.38469
   2.38140
   2.37802
   2.37456
   2.37101
   2.36737
   2.36365
   2.35985
   2.35596
   2.35198
   2.34792
   2.34378
   2.33955
   2.33523
   2.33083
   2.32634
   2.32177
   2.31711
   2.31237
   2.30754
   2.30263
   2.29763
   2.29254
   2.28737
   2.28212
   2.27677
   2.27135
   2.26583
   2.26024
   2.25455
   2.24878
   2.24293
   2.23699
   2.23096
   2.22485
   2.21865
   2.21237
   2.20600
   2.19955
   2.19301
   2.18638
   2.17967
   2.17288
   2.16600
   2.15903
   2.15198
   2.14485
   2.13763
   2.13032
   2.12293
   2.11546
   2.10790
   2.10026
   2.09253
   2.08472
   2.07682
   2.06884
   2.06078
   2.05263
   2.04440
   2.03609
   2.02769
   2.01921
   2.01065
   2.00201
   1.99328
   1.98448
   1.97559
   1.96662
   1.95757
   1.94844
   1.93923
   1.92994
   1.92057
   1.91113
   1.90160
   1.89200
   1.88232
   1.87256
   1.86273
   1.85282
   1.84284
   1.83278
   1.82265
   1.81245
   1.80218
   1.79183
   1.78142
   1.77093
   1.76038
   1.74975
   1.73907
   1.72831
   1.71749
   1.70661
   1.69567
   1.68466
   1.67360
   1.66247
   1.65129
   1.64006
   1.62877
   1.61743
   1.60603
   1.59459
   1.58310
   1.57157
   1.55999
   1.54837
   1.53671
   1.52502
   1.51329
   1.50153
   1.48973
   1.47792
   1.46607
   1.45421
   1.44232
   1.43042
   1.41851
   1.40659
   1.39466
   1.38274
   1.37081
   1.35889
   1.34698
   1.33508
   1.32320
   1.31134
   1.29951
   1.28771
   1.27595
   1.26424
   1.25257
   1.24095
   1.22939
   1.21790
   1.20648
   1.19514
   1.18389
   1.17272
   1.16166
   1.15070
   1.13986
   1.12914
   1.11855
   1.10809
   1.09779
   1.08763
   1.07765
   1.06783
   1.05820
   1.04876
   1.03952
   1.03049
   1.02169
   1.01311
   1.00477
   0.99669
   0.98886
   0.98131
   0.97403
   0.96705
   0.96036
   0.95398
   0.94792
   0.94219
   0.93679
   0.93174
   0.92704
   0.92270
   0.91873
   0.91513
   0.91191
   0.90908
   0.90663
   0.90458
   0.90293
   0.90168
   0.90083
   0.90039
   0.90035
   0.90072
   0.90150
   0.90268
   0.90426
   0.90624
   0.90861
   0.91138
   0.91453
   0.91806
   0.92197
   0.92624
   0.93088
   0.93587
   0.94120
   0.94688
   0.95288
   0.95920
   0.96583
   0.97277
   0.97999
   0.98750
   0.99528
   1.00332
   1.01161
   1.02015
   1.02891
   1.03790
   1.04711
   1.05651
   1.06611
   1.07589
   1.08585
   1.09598
   1.10626
   1.11669
   1.12725
   1.13796
   1.14878
   1.15972
   1.17077
   1.18191
   1.19315
   1.20448
   1.21589
   1.22737
   1.23891
   1.25052
   1.26218
   1.27390
   1.28565
   1.29744
   1.30927
   1.32112
   1.33300
   1.34490
   1.35681
   1.36873
   1.38066
   1.39259
   1.40452
   1.41645
   1.42836
   1.44027
   1.45215
   1.46402
   1.47587
   1.48770
   1.49950
   1.51127
   1.52301
   1.53471
   1.54638
   1.55801
   1.56960
   1.58114
   1.59264
   1.60409
   1.61550
   1.62685
   1.63815
   1.64940
   1.66060
   1.67173
   1.68281
   1.69383
   1.70479
   1.71568
   1.72652
   1.73729
   1.74799
   1.75863
   1.76920
   1.77970
   1.79013
   1.80049
   1.81078
   1.82100
   1.83115
   1.84122
   1.85122
   1.86114
   1.87099
   1.88076
   1.89046
   1.90008
   1.90962
   1.91909
   1.92847
   1.93778
   1.94701
   1.95615
   1.96522
   1.97421
   1.98311
   1.99194
   2.00068
   2.00934
   2.01792
   2.02642
   2.03484
   2.04317
   2.05142
   2.05958
   2.06766
   2.07566
   2.08358
   2.09141
   2.09915
   2.10682
   2.11440
   2.12189
   2.12930
   2.13662
   2.14386
   2.15102
   2.15809
   2.16507
   2.17197
   2.17878
   2.18551
   2.19216
   2.19871
   2.20519
   2.21157
   2.21788
   2.22409
   2.23022
   2.23627
   2.24223
   2.24810
   2.25389
   2.25960
   2.26521
   2.27075
   2.27619
   2.28155
   2.28683
   2.29202
   2.29712
   2.30214
   2.30708
   2.31193
   2.31669
   2.32137
   2.32596
   2.33046
   2.33488
   2.33922
   2.34347
   2.34764
   2.35172
   2.35571
   2.35962
   2.36344
   2.36718
   2.37084
   2.37441
   2.37789
   2.38129
   2.38460
   2.38783
   2.39098
   2.39404
   2.39701
   2.39990
   2.40270
   2.40542
   2.40806
   2.41061
   2.41307
   2.41546
   2.41775
   2.41996
   2.42209
   2.42413
   2.42609
   2.42796
   2.42975
   2.43146
   2.43308
   2.43461
   2.43606
   2.43743
   2.43871
   2.43991
   2.44102
   2.44205
   2.44299
   2.44386
   2.44463
   2.44532
   2.44593
   2.44645
   2.44689
   2.44725
   2.44751
   2.44770
   2.44780
   2.44782
   2.44775
   2.44760
   2.44736
   2.44704
   2.44664
   2.44615
   2.44558
   2.44492
   2.44418
   2.44335
   2.44244
   2.44145
   2.44037
   2.43921
   2.43796
   2.43663
   2.43521
   2.43371
   2.43212
   2.43045
   2.42870
   2.42686
   2.42493
   2.42293
   2.42083
   2.41866
   2.41639
   2.41405
   2.41162
   2.40910
   2.40650
   2.40381
   2.40104
   2.39819
   2.39525
   2.39222
   2.38911
   2.38592
   2.38264
   2.37927
   2.37582
   2.37229
   2.36867
   2.36497
   2.36118
   2.35730
   2.35334
   2.34929
   2.34516
   2.34095
   2.33665
   2.33226
   2.32779
   2.32323
   2.31859
   2.31386
   2.30904
   2.30414
   2.29916
   2.29409
   2.28893
   2.28369
   2.27837
   2.27295
   2.26745
   2.26187
   2.25620
   2.25045
   2.24461
   2.23868
   2.23267
   2.22657
   2.22039
   2.21412
   2.20777
   2.20133
   2.19481
   2.18820
   2.18150
   2.17472
   2.16786
   2.16090
   2.15387
   2.14675
   2.13954
   2.13225
   2.12488
   2.11742
   2.10987
   2.10224
   2.09453
   2.08673
   2.07885
   2.07088
   2.06283
   2.05470
   2.04649
   2.03819
   2.02980
   2.02134
   2.01279
   2.00416
   1.99545
   1.98666
   1.97778
   1.96883
   1.95979
   1.95068
   1.94148
   1.93220
   1.92285
   1.91341
   1.90390
   1.89431
   1.88465
   1.87490
   1.86508
   1.85519
   1.84522
   1.83517
   1.82505
   1.81486
   1.80460
   1.79426
   1.78386
   1.77338
   1.76284
   1.75223
   1.74155
   1.73081
   1.72000
   1.70912
   1.69819
   1.68719
   1.67614
   1.66502
   1.65385
   1.64262
   1.63134
   1.62000
   1.60862
   1.59718
   1.58570
   1.57417
   1.56259
   1.55098
   1.53933
   1.52763
   1.51591
   1.50415
   1.49236
   1.48054
   1.46870
   1.45683
   1.44495
   1.43304
   1.42113
   1.40921
   1.39728
   1.38534
   1.37341
   1.36148
   1.34956
   1.33766
   1.32577
   1.31390
   1.30206
   1.29025
   1.27848
   1.26675
   1.25506
   1.24343
   1.23185
   1.22034
   1.20890
   1.19754
   1.18626
   1.17507
   1.16398
   1.15300
   1.14212
   1.13137
   1.12074
   1.11026
   1.09991
   1.08972
   1.07969
   1.06984
   1.06016
   1.05068
   1.04139
   1.03231
   1.02345
   1.01482
   1.00643
   0.99829
   0.99040
   0.98278
   0.97544
   0.96839
   0.96164
   0.95519
   0.94906
   0.94325
   0.93778
   0.93266
   0.92788
   0.92346
   0.91941
   0.91572
   0.91242
   0.90950
   0.90698
   0.90484
   0.90311
   0.90177
   0.90084
   0.90031
   0.90019
   0.90047
   0.90116
   0.90226
   0.90375
   0.90565
   0.90794
   0.91063
   0.91370
   0.91716
   0.92099
   0.92519
   0.92975
   0.93467
   0.93994
   0.94554
   0.95148
   0.95774
   0.96431
   0.97119
   0.97835
   0.98581
   0.99353
   1.00152
   1.00977
   1.01826
   1.02698
   1.03593
   1.04510
   1.05446
   1.06403
   1.07378
   1.08371
   1.09380
   1.10405
   1.11446
   1.12500
   1.13568
   1.14649
   1.15741
   1.16844
   1.17957
   1.19080
   1.20211
   1.21351
   1.22498
   1.23652
   1.24812
   1.25977
   1.27148
   1.28323
   1.29502
   1.30684
   1.31870
   1.33058
   1.34248
   1.35439
   1.36631
   1.37825
   1.39018
   1.40212
   1.41405
   1.42597
   1.43788
   1.44978
   1.46166
   1.47352
   1.48535
   1.49716
   1.50894
   1.52069
   1.53241
   1.54409
   1.55573
   1.56733
   1.57889
   1.59040
   1.60187
   1.61329
   1.62466
   1.63597
   1.64724
   1.65845
   1.66960
   1.68069
   1.69173
   1.70271
   1.71362
   1.72447
   1.73526
   1.74598
   1.75663
   1.76722
   1.77774
   1.78819
   1.79857
   1.80888
   1.81912
   1.82928
   1.83937
   1.84939
   1.85934
   1.86920
   1.87900
   1.88871
   1.89835
   1.90791
   1.91740
   1.92680
   1.93613
   1.94538
   1.95455
   1.96364
   1.97264
   1.98157
   1.99041
   1.99918
   2.00786
   2.01646
   2.02498
   2.03342
   2.04177
   2.05004
   2.05822
   2.06633
   2.07435
   2.08228
   2.09013
   2.09790
   2.10559
   2.11318
   2.12070
   2.12813
   2.13547
   2.14274
   2.14991
   2.15700
   2.16401
   2.17093
   2.17776
   2.18451
   2.19118
   2.19776
   2.20425
   2.21066
   2.21698
   2.22322
   2.22937
   2.23544
   2.24142
   2.24732
   2.25313
   2.25885
   2.26449
   2.27005
   2.27551
   2.28090
   2.28619
   2.29140
   2.29653
   2.30157
   2.30653
   2.31139
   2.31618
   2.32088
   2.32549
   2.33002
   2.33446
   2.33882
   2.34309
   2.34728
   2.35138
   2.35539
   2.35932
   2.36317
   2.36693
   2.37060
   2.37419
   2.37770
   2.38112
   2.38446
   2.38771
   2.39087
   2.39395
   2.39695
   2.39986
   2.40268
   2.40542
   2.40808
   2.41065
   2.41314
   2.41554
   2.41786
   2.42009
   2.42224
   2.42430
   2.42628
   2.42818
   2.42999
   2.43171
   2.43335
   2.43491
   2.43638
   2.43777
   2.43907
   2.44029
   2.44143
   2.44248
   2.44344
   2.44432
   2.44512
   2.44583
   2.44646
   2.44701
   2.44747
   2.44784
   2.44813
   2.44834
   2.44846
   2.44850
   2.44845
   2.44832
   2.44811
   2.44781
   2.44743
   2.44696
   2.44641
   2.44577
   2.44505
   2.44425
   2.44336
   2.44239
   2.44133
   2.44019
   2.43896
   2.43765
   2.43625
   2.43477
   2.43321
   2.43156
   2.42983
   2.42801
   2.42611
   2.42412
   2.42205
   2.41990
   2.41766
   2.41533
   2.41292
   2.41043
   2.40785
   2.40518
   2.40244
   2.39960
   2.39668
   2.39368
   2.39059
   2.38742
   2.38416
   2.38082
   2.37739
   2.37388
   2.37028
   2.36660
   2.36283
   2.35898
   2.35504
   2.35101
   2.34691
   2.34271
   2.33843
   2.33407
   2.32962
   2.32508
   2.32046
   2.31575
   2.31096
   2.30608
   2.30112
   2.29607
   2.29094
   2.28572
   2.28042
   2.27503
   2.26955
   2.26399
   2.25834
   2.25261
   2.24679
   2.24089
   2.23490
   2.22882
   2.22266
   2.21642
   2.21008
   2.20367
   2.19716
   2.19058
   2.18390
   2.17715
   2.17030
   2.16337
   2.15636
   2.14926
   2.14208
   2.13481
   2.12745
   2.12002
   2.11249
   2.10489
   2.09719
   2.08942
   2.08156
   2.07361
   2.06559
   2.05747
   2.04928
   2.04100
   2.03264
   2.02420
   2.01567
   2.00706
   1.99837
   1.98960
   1.98075
   1.97181
   1.96279
   1.95370
   1.94452
   1.93527
   1.92593
   1.91652
   1.90702
   1.89745
   1.88781
   1.87808
   1.86828
   1.85840
   1.84845
   1.83842
   1.82832
   1.81815
   1.80791
   1.79759
   1.78720
   1.77674
   1.76621
   1.75562
   1.74496
   1.73423
   1.72343
   1.71258
   1.70166
   1.69067
   1.67963
   1.66853
   1.65737
   1.64615
   1.63488
   1.62356
   1.61218
   1.60076
   1.58928
   1.57776
   1.56620
   1.55459
   1.54294
   1.53126
   1.51954
   1.50778
   1.49600
   1.48418
   1.47234
   1.46048
   1.44859
   1.43669
   1.42478
   1.41285
   1.40092
   1.38898
   1.37704
   1.36511
   1.35318
   1.34127
   1.32937
   1.31749
   1.30563
   1.29381
   1.28202
   1.27027
   1.25856
   1.24691
   1.23531
   1.22378
   1.21231
   1.20092
   1.18961
   1.17839
   1.16726
   1.15624
   1.14533
   1.13453
   1.12386
   1.11333
   1.10294
   1.09269
   1.08261
   1.07270
   1.06296
   1.05342
   1.04406
   1.03492
   1.02599
   1.01728
   1.00882
   1.00059
   0.99262
   0.98492
   0.97750
   0.97035
   0.96351
   0.95696
   0.95073
   0.94483
   0.93925
   0.93402
   0.92913
   0.92461
   0.92044
   0.91665
   0.91323
   0.91019
   0.90755
   0.90530
   0.90344
   0.90198
   0.90093
   0.90028
   0.90004
   0.90021
   0.90078
   0.90175
   0.90313
   0.90491
   0.90709
   0.90966
   0.91262
   0.91596
   0.91968
   0.92378
   0.92824
   0.93305
   0.93822
   0.94373
   0.94958
   0.95574
   0.96223
   0.96902
   0.97610
   0.98348
   0.99113
   0.99905
   1.00722
   1.01564
   1.02430
   1.03319
   1.04230
   1.05161
   1.06112
   1.07082
   1.08071
   1.09076
   1.10097
   1.11133
   1.12184
   1.13249
   1.14326
   1.15415
   1.16516
   1.17627
   1.18747
   1.19877
   1.21014
   1.22160
   1.23312
   1.24471
   1.25635
   1.26805
   1.27979
   1.29158
   1.30340
   1.31525
   1.32713
   1.33902
   1.35094
   1.36287
   1.37480
   1.38674
   1.39868
   1.41062
   1.42255
   1.43447
   1.44637
   1.45826
   1.47013
   1.48198
   1.49380
   1.50560
   1.51736
   1.52909
   1.54079
   1.55244
   1.56406
   1.57564
   1.58717
   1.59865
   1.61009
   1.62148
   1.63282
   1.64410
   1.65533
   1.66650
   1.67762
   1.68868
   1.69967
   1.71061
   1.72148
   1.73229
   1.74304
   1.75371
   1.76433
   1.77487
   1.78534
   1.79575
   1.80608
   1.81635
   1.82654
   1.83665
   1.84670
   1.85667
   1.86656
   1.87638
   1.88612
   1.89579
   1.90538
   1.91489
   1.92432
   1.93368
   1.94295
   1.95215
   1.96126
   1.97030
   1.97925
   1.98812
   1.99692
   2.00563
   2.01425
   2.02280
   2.03126
   2.03964
   2.04794
   2.05616
   2.06429
   2.07234
   2.08030
   2.08818
   2.09598
   2.10369
   2.11131
   2.11886
   2.12632
   2.13369
   2.14098
   2.14818
   2.15530
   2.16234
   2.16929
   2.17615
   2.18293
   2.18962
   2.19623
   2.20275
   2.20919
   2.21554
   2.22181
   2.22799
   2.23409
   2.24010
   2.24602
   2.25186
   2.25761
   2.26328
   2.26886
   2.27436
   2.27977
   2.28510
   2.29034
   2.29549
   2.30056
   2.30554
   2.31044
   2.31525
   2.31998
   2.32462
   2.32918
   2.33365
   2.33804
   2.34234
   2.34655
   2.35068
   2.35472
   2.35868
   2.36256
   2.36635
   2.37005
   2.37367
   2.37720
   2.38065
   2.38402
   2.38729
   2.39049
   2.39360
   2.39662
   2.39956
   2.40242
   2.40518
   2.40787
   2.41047
   2.41298
   2.41542
   2.41776
   2.42002
   2.42220
   2.42429
   2.42630
   2.42822
   2.43006
   2.43181
   2.43348
   2.43507
   2.43657
   2.43799
   2.43932
   2.44057
   2.44173
   2.44281
   2.44380
   2.44471
   2.44554
   2.44628
   2.44694
   2.44751
   2.44800
   2.44840
   2.44872
   2.44896
   2.44911
   2.44917
   2.44916
   2.44906
   2.44887
   2.44860
   2.44825
   2.44781
   2.44728
   2.44668
   2.44599
   2.44521
   2.44435
   2.44340
   2.44238
   2.44126
   2.44007
   2.43878
   2.43742
   2.43597
   2.43443
   2.43281
   2.43111
   2.42932
   2.42745
   2.42549
   2.42345
   2.42132
   2.41911
   2.41681
   2.41443
   2.41197
   2.40942
   2.40678
   2.40406
   2.40126
   2.39837
   2.39539
   2.39233
   2.38919
   2.38596
   2.38265
   2.37925
   2.37577
   2.37220
   2.36854
   2.36481
   2.36098
   2.35707
   2.35308
   2.34900
   2.34483
   2.34058
   2.33625
   2.33183
   2.32732
   2.32273
   2.31805
   2.31329
   2.30844
   2.30351
   2.29849
   2.29339
   2.28820
   2.28292
   2.27756
   2.27211
   2.26658
   2.26096
   2.25526
   2.24947
   2.24360
   2.23764
   2.23159
   2.22546
   2.21924
   2.21294
   2.20655
   2.20008
   2.19352
   2.18688
   2.18015
   2.17334
   2.16644
   2.15945
   2.15238
   2.14523
   2.13799
   2.13066
   2.12325
   2.11576
   2.10818
   2.10052
   2.09277
   2.08494
   2.07703
   2.06903
   2.06094
   2.05278
   2.04453
   2.03619
   2.02778
   2.01928
   2.01070
   2.00204
   1.99329
   1.98447
   1.97556
   1.96657
   1.95750
   1.94835
   1.93912
   1.92982
   1.92043
   1.91096
   1.90142
   1.89180
   1.88210
   1.87232
   1.86247
   1.85254
   1.84254
   1.83247
   1.82232
   1.81209
   1.80180
   1.79144
   1.78100
   1.77050
   1.75992
   1.74928
   1.73857
   1.72780
   1.71696
   1.70606
   1.69510
   1.68408
   1.67299
   1.66185
   1.65065
   1.63940
   1.62809
   1.61673
   1.60532
   1.59386
   1.58235
   1.57080
   1.55920
   1.54757
   1.53589
   1.52418
   1.51243
   1.50065
   1.48885
   1.47701
   1.46515
   1.45327
   1.44137
   1.42946
   1.41753
   1.40559
   1.39365
   1.38171
   1.36977
   1.35783
   1.34591
   1.33400
   1.32211
   1.31024
   1.29839
   1.28659
   1.27481
   1.26309
   1.25141
   1.23978
   1.22822
   1.21672
   1.20529
   1.19395
   1.18269
   1.17152
   1.16045
   1.14949
   1.13864
   1.12792
   1.11733
   1.10687
   1.09657
   1.08642
   1.07643
   1.06662
   1.05700
   1.04756
   1.03833
   1.02932
   1.02052
   1.01195
   1.00363
   0.99556
   0.98775
   0.98021
   0.97296
   0.96599
   0.95933
   0.95297
   0.94694
   0.94123
   0.93586
   0.93084
   0.92617
   0.92186
   0.91793
   0.91436
   0.91118
   0.90838
   0.90598
   0.90397
   0.90236
   0.90115
   0.90034
   0.89995
   0.89995
   0.90037
   0.90119
   0.90241
   0.90404
   0.90607
   0.90849
   0.91130
   0.91450
   0.91808
   0.92204
   0.92636
   0.93105
   0.93608
   0.94147
   0.94719
   0.95324
   0.95960
   0.96628
   0.97326
   0.98053
   0.98808
   0.99590
   1.00398
   1.01232
   1.02089
   1.02970
   1.03873
   1.04797
   1.05741
   1.06704
   1.07686
   1.08685
   1.09701
   1.10732
   1.11778
   1.12838
   1.13911
   1.14997
   1.16093
   1.17201
   1.18318
   1.19445
   1.20580
   1.21723
   1.22873
   1.24030
   1.25193
   1.26361
   1.27535
   1.28712
   1.29893
   1.31078
   1.32265
   1.33454
   1.34646
   1.35838
   1.37032
   1.38227
   1.39421
   1.40615
   1.41809
   1.43002
   1.44194
   1.45384
   1.46572
   1.47758
   1.48942
   1.50123
   1.51301
   1.52476
   1.53647
   1.54815
   1.55978
   1.57138
   1.58293
   1.59444
   1.60590
   1.61731
   1.62867
   1.63998
   1.65124
   1.66243
   1.67358
   1.68466
   1.69569
   1.70665
   1.71755
   1.72839
   1.73916
   1.74987
   1.76051
   1.77108
   1.78159
   1.79202
   1.80239
   1.81268
   1.82291
   1.83305
   1.84313
   1.85313
   1.86306
   1.87291
   1.88269
   1.89239
   1.90201
   1.91155
   1.92102
   1.93041
   1.93972
   1.94894
   1.95809
   1.96716
   1.97615
   1.98506
   1.99389
   2.00263
   2.01129
   2.01987
   2.02837
   2.03679
   2.04512
   2.05337
   2.06154
   2.06962
   2.07762
   2.08554
   2.09337
   2.10112
   2.10878
   2.11636
   2.12385
   2.13126
   2.13859
   2.14583
   2.15298
   2.16005
   2.16704
   2.17394
   2.18075
   2.18748
   2.19412
   2.20068
   2.20716
   2.21354
   2.21985
   2.22606
   2.23220
   2.23824
   2.24420
   2.25008
   2.25587
   2.26157
   2.26719
   2.27272
   2.27817
   2.28353
   2.28881
   2.29400
   2.29910
   2.30412
   2.30906
   2.31390
   2.31867
   2.32334
   2.32794
   2.33244
   2.33687
   2.34120
   2.34545
   2.34962
   2.35370
   2.35769
   2.36160
   2.36543
   2.36917
   2.37282
   2.37639
   2.37988
   2.38328
   2.38659
   2.38982
   2.39297
   2.39603
   2.39900
   2.40189
   2.40470
   2.40742
   2.41005
   2.41261
   2.41507
   2.41745
   2.41975
   2.42196
   2.42409
   2.42614
   2.42809
   2.42997
   2.43176
   2.43346
   2.43508
   2.43662
   2.43807
   2.43944
   2.44072
   2.44192
   2.44304
   2.44407
   2.44501
   2.44587
   2.44665
   2.44734
   2.44795
   2.44848
   2.44892
   2.44927
   2.44954
   2.44973
   2.44983
   2.44985
   2.44979
   2.44964
   2.44940
   2.44909
   2.44868
   2.44820
   2.44762
   2.44697
   2.44623
   2.44541
   2.44450
   2.44350
   2.44243
   2.44127
   2.44002
   2.43869
   2.43727
   2.43578
   2.43419
   2.43252
   2.43077
   2.42893
   2.42701
   2.42501
   2.42292
   2.42074
   2.41848
   2.41614
   2.41371
   2.41119
   2.40860
   2.40591
   2.40315
   2.40029
   2.39735
   2.39433
   2.39123
   2.38803
   2.38476
   2.38139
   2.37795
   2.37441
   2.37080
   2.36709
   2.36331
   2.35943
   2.35548
   2.35143
   2.34731
   2.34309
   2.33879
   2.33441
   2.32994
   2.32539
   2.32075
   2.31602
   2.31121
   2.30631
   2.30133
   2.29626
   2.29111
   2.28587
   2.28055
   2.27514
   2.26964
   2.26406
   2.25840
   2.25264
   2.24681
   2.24088
   2.23487
   2.22878
   2.22260
   2.21634
   2.20998
   2.20355
   2.19703
   2.19042
   2.18373
   2.17695
   2.17009
   2.16314
   2.15611
   2.14899
   2.14179
   2.13450
   2.12712
   2.11967
   2.11212
   2.10450
   2.09679
   2.08899
   2.08111
   2.07315
   2.06510
   2.05697
   2.04876
   2.04046
   2.03208
   2.02362
   2.01507
   2.00644
   1.99773
   1.98894
   1.98007
   1.97112
   1.96208
   1.95297
   1.94377
   1.93450
   1.92514
   1.91571
   1.90620
   1.89661
   1.88694
   1.87720
   1.86738
   1.85748
   1.84751
   1.83747
   1.82735
   1.81716
   1.80690
   1.79656
   1.78615
   1.77568
   1.76513
   1.75452
   1.74384
   1.73309
   1.72228
   1.71141
   1.70047
   1.68947
   1.67841
   1.66729
   1.65611
   1.64488
   1.63360
   1.62226
   1.61086
   1.59942
   1.58793
   1.57640
   1.56482
   1.55320
   1.54153
   1.52984
   1.51810
   1.50633
   1.49453
   1.48270
   1.47085
   1.45898
   1.44708
   1.43517
   1.42324
   1.41130
   1.39936
   1.38741
   1.37547
   1.36352
   1.35159
   1.33966
   1.32776
   1.31587
   1.30401
   1.29218
   1.28039
   1.26863
   1.25693
   1.24527
   1.23367
   1.22214
   1.21067
   1.19928
   1.18797
   1.17675
   1.16563
   1.15461
   1.14371
   1.13292
   1.12226
   1.11174
   1.10136
   1.09113
   1.08106
   1.07116
   1.06144
   1.05191
   1.04258
   1.03346
   1.02455
   1.01587
   1.00743
   0.99923
   0.99130
   0.98363
   0.97623
   0.96912
   0.96231
   0.95581
   0.94962
   0.94376
   0.93822
   0.93304
   0.92820
   0.92372
   0.91960
   0.91586
   0.91249
   0.90951
   0.90692
   0.90472
   0.90292
   0.90152
   0.90053
   0.89994
   0.89976
   0.89998
   0.90061
   0.90165
   0.90309
   0.90493
   0.90717
   0.90980
   0.91282
   0.91623
   0.92001
   0.92416
   0.92868
   0.93356
   0.93878
   0.94435
   0.95025
   0.95647
   0.96301
   0.96985
   0.97699
   0.98441
   0.99211
   1.00008
   1.00830
   1.01677
   1.02547
   1.03440
   1.04355
   1.05290
   1.06245
   1.07219
   1.08211
   1.09219
   1.10244
   1.11283
   1.12337
   1.13405
   1.14485
   1.15577
   1.16680
   1.17793
   1.18916
   1.20048
   1.21188
   1.22336
   1.23490
   1.24651
   1.25817
   1.26988
   1.28164
   1.29344
   1.30528
   1.31714
   1.32903
   1.34094
   1.35287
   1.36481
   1.37675
   1.38870
   1.40065
   1.41260
   1.42454
   1.43646
   1.44838
   1.46027
   1.47215
   1.48400
   1.49583
   1.50763
   1.51940
   1.53113
   1.54283
   1.55449
   1.56611
   1.57769
   1.58922
   1.60071
   1.61215
   1.62354
   1.63487
   1.64616
   1.65739
   1.66856
   1.67968
   1.69073
   1.70173
   1.71266
   1.72353
   1.73434
   1.74509
   1.75576
   1.76637
   1.77691
   1.78738
   1.79779
   1.80812
   1.81838
   1.82856
   1.83868
   1.84872
   1.85869
   1.86858
   1.87839
   1.88813
   1.89779
   1.90738
   1.91688
   1.92631
   1.93566
   1.94493
   1.95412
   1.96323
   1.97226
   1.98121
   1.99008
   1.99887
   2.00757
   2.01619
   2.02473
   2.03319
   2.04157
   2.04986
   2.05807
   2.06619
   2.07424
   2.08219
   2.09007
   2.09786
   2.10557
   2.11319
   2.12072
   2.12818
   2.13555
   2.14283
   2.15003
   2.15714
   2.16417
   2.17111
   2.17797
   2.18474
   2.19143
   2.19803
   2.20455
   2.21098
   2.21733
   2.22359
   2.22976
   2.23585
   2.24186
   2.24777
   2.25361
   2.25935
   2.26502
   2.27059
   2.27608
   2.28149
   2.28681
   2.29204
   2.29719
   2.30225
   2.30723
   2.31212
   2.31693
   2.32165
   2.32628
   2.33084
   2.33530
   2.33968
   2.34397
   2.34818
   2.35231
   2.35635
   2.36030
   2.36417
   2.36795
   2.37165
   2.37526
   2.37879
   2.38223
   2.38559
   2.38886
   2.39205
   2.39515
   2.39817
   2.40111
   2.40395
   2.40672
   2.40940
   2.41199
   2.41450
   2.41693
   2.41927
   2.42152
   2.42369
   2.42578
   2.42778
   2.42970
   2.43153
   2.43328
   2.43495
   2.43652
   2.43802
   2.43943
   2.44076
   2.44200
   2.44316
   2.44423
   2.44522
   2.44612
   2.44694
   2.44768
   2.44833
   2.44890
   2.44938
   2.44978
   2.45010
   2.45033
   2.45047
   2.45053
   2.45051
   2.45040
   2.45021
   2.44994
   2.44958
   2.44914
   2.44861
   2.44800
   2.44730
   2.44652
   2.44565
   2.44470
   2.44367
   2.44255
   2.44135
   2.44006
   2.43869
   2.43723
   2.43569
   2.43407
   2.43236
   2.43057
   2.42869
   2.42673
   2.42468
   2.42255
   2.42033
   2.41803
   2.41565
   2.41318
   2.41062
   2.40798
   2.40526
   2.40245
   2.39956
   2.39658
   2.39351
   2.39036
   2.38713
   2.38381
   2.38041
