   1    0.000000
   2    0.000000
   3    0.000000
   4    0.000000
   5    0.000000
   6    0.000000
   7    0.000000
   8    0.000000
   9    0.000000
  10    0.000000
  11    0.000000
  12    0.000000
  13    0.000000
  14    0.000000
  15    0.000000
  16    0.000000
  17    0.000000
  18    0.000000
  19    0.000000
  20    0.000000
  21    0.000000
  22    0.000000
  23    0.000000
  24    0.000000
  25    0.000000
  26    0.000000
  27    0.000000
  28    0.000000
  29    0.000000
  30    0.000000
  31    0.000000
  32    0.000000
  33    0.000000
  34    0.000000
  35    0.000000
  36    0.000000
  37    0.000000
  38    0.000000
  39    0.000000
  40    0.000000
  41    0.000000
  42    0.000000
  43    0.003786
  44    0.041322
  45    0.275062
  46    1.205104
  47    3.560435
  48    7.506076
  49   13.153686
  50   19.359200
  51   24.945406
  52   28.891642
  53   31.650409
  54   33.184499
  55   33.854876
  56   33.807079
  57   33.051093
  58   31.752973
  59   30.399023
  60   29.386667
  61   27.994894
  62   26.851197
  63   25.806500
  64   24.960449
  65   23.820355
  66   22.623737
  67   21.798173
  68   20.979455
  69   20.128965
  70   19.674694
  71   19.285062
  72   18.652778
  73   18.183336
  74   17.926406
  75   17.369244
  76   16.905125
  77   16.629111
  78   16.414694
  79   16.527960
  80   16.295000
  81   16.269776
  82   16.217579
  83   16.154449
  84   16.193311
  85   16.163737
  86   16.153597
  87   16.030651
  88   16.152634
  89   16.301982
  90   16.429506
  91   16.813187
  92   16.893077
  93   17.072263
  94   17.255998
  95   17.597008
  96   17.871528
  97   18.038368
  98   18.268222
  99   18.565759
 100   18.782000
 101   19.100186
 102   19.289792
 103   19.451126
 104   19.616032
 105   19.688798
 106   19.840958
 107   19.859289
 108   19.898234
 109   19.837977
 110   19.976446
 111   20.077429
 112   19.851323
 113   19.886444
 114   19.653740
 115   19.606730
 116   19.636370
 117   19.526481
 118   19.369650
 119   19.323212
 120   19.179722
 121   19.032785
 122   18.999798
 123   18.915593
 124   18.862448
 125   18.666752
 126   18.614261
 127   18.557133
 128   18.479248
 129   18.550748
 130   18.532485
 131   18.395315
 132   18.505969
 133   18.444061
 134   18.458008
 135   18.311221
 136   18.370783
 137   18.391177
 138   18.472012
 139   18.449356
 140   18.563571
 141   18.552035
 142   18.638713
 143   18.554697
 144   18.683738
 145   18.739405
 146   18.718568
 147   18.743163
 148   18.755296
 149   18.819603
 150   18.868622
 151   18.919609
 152   18.911054
 153   18.947712
 154   18.980140
 155   18.992549
 156   18.982495
 157   18.961824
 158   18.995994
 159   19.055022
 160   19.088203
 161   19.028664
 162   19.002934
 163   19.035530
 164   19.084399
 165   19.106152
 166   19.071781
 167   19.002582
 168   18.973037
 169   18.954763
 170   18.906574
 171   18.966862
 172   18.945410
 173   18.914498
 174   18.880466
 175   18.804506
 176   18.782574
 177   18.711545
 178   18.578967
 179   18.413658
 180   18.178086
 181   17.829523
 182   17.205078
 183   16.330407
 184   14.968898
 185   12.907465
 186    9.316800
 187    5.746147
 188    3.699836
 189    2.412614
 190    1.551607
 191    0.989611
 192    0.618056
 193    0.376574
 194    0.223509
 195    0.130572
 196    0.073980
 197    0.039475
 198    0.021809
 199    0.011565
 200    0.005650
 201    0.002797
 202    0.001323
 203    0.000534
 204    0.000216
 205    0.000143
 206    0.000047
 207    0.000023
 208    0.000000
 209    0.000000
 210    0.000000
 211    0.000000
 212    0.000000
 213    0.000000
 214    0.000000
 215    0.000000
 216    0.000000
 217    0.000000
 218    0.000000
 219    0.000000
 220    0.000000
 221    0.000000
 222    0.000000
 223    0.000000
 224    0.000000
 225    0.000000
 226    0.000000
 227    0.000000
 228    0.000000
 229    0.000000
 230    0.000000
 231    0.000000
 232    0.000000
 233    0.000000
 234    0.000000
 235    0.000000
 236    0.000000
 237    0.000000
 238    0.000000
 239    0.000000
 240    0.000000
 241    0.000000
 242    0.000000
 243    0.000000
 244    0.000000
 245    0.000000
 246    0.000000
 247    0.000000
 248    0.000000
 249    0.000000
 250    0.000000
